70 77
77 70
1 70
10 1
11 1
11 2
11 3
13 1
13 10
13 11
13 2
13 3
13 6
13 8
14 1
14 11
14 13
14 2
14 6
14 8
18 1
18 11
18 13
18 14
18 2
18 3
18 6
18 8
19 1
19 11
19 13
19 14
19 18
19 2
19 3
19 6
19 8
20 1
20 13
20 18
20 3
20 6
20 8
2 1
21 1
21 11
21 13
21 14
21 18
21 19
21 2
21 3
21 6
21 8
22 1
22 10
22 13
22 14
22 18
22 19
22 2
22 20
22 21
22 3
22 6
22 8
23 1
23 11
23 13
23 14
23 18
23 19
23 2
23 20
23 21
23 22
23 3
23 6
23 8
24 1
24 10
24 13
24 14
24 18
24 19
24 2
24 20
24 21
24 22
24 23
24 3
24 6
24 8
25 1
25 13
25 14
25 18
25 19
25 2
25 22
25 23
25 24
25 3
25 8
26 1
26 19
26 2
26 22
26 23
26 3
27 1
27 10
27 13
27 18
27 19
27 2
27 20
27 21
27 22
27 23
27 24
27 25
27 26
27 3
27 6
27 8
3 1
31 1
31 18
31 19
31 20
31 21
31 22
31 23
31 24
31 3
31 6
31 8
3 2
32 1
32 13
32 18
32 19
32 2
32 20
32 21
32 22
32 23
32 24
32 25
32 27
32 3
32 31
32 6
32 8
33 1
33 10
33 13
33 14
33 18
33 19
33 2
33 20
33 21
33 22
33 23
33 24
33 25
33 27
33 3
33 31
33 32
33 6
33 8
35 1
35 13
35 14
35 18
35 19
35 2
35 20
35 21
35 22
35 23
35 24
35 25
35 27
35 3
35 31
35 32
35 33
35 6
35 8
36 1
36 13
36 18
36 19
36 20
36 21
36 22
36 23
36 24
36 27
36 3
36 31
36 32
36 33
36 35
36 6
37 1
37 13
37 14
37 18
37 19
37 2
37 20
37 22
37 23
37 24
37 25
37 26
37 27
37 3
37 31
37 32
37 33
37 35
37 36
37 6
37 8
38 1
38 13
38 18
38 19
38 2
38 20
38 22
38 23
38 24
38 27
38 3
38 31
38 32
38 33
38 35
38 36
38 37
38 6
38 8
39 1
39 11
39 13
39 18
39 19
39 2
39 20
39 21
39 22
39 23
39 24
39 26
39 27
39 3
39 32
39 33
39 35
39 36
39 37
39 38
39 6
39 8
40 1
40 10
40 13
40 14
40 18
40 19
40 2
40 21
40 22
40 23
40 24
40 25
40 26
40 27
40 3
40 32
40 33
40 37
40 6
40 8
41 1
41 11
41 18
41 19
41 2
41 21
41 22
41 23
41 24
41 25
41 26
41 27
41 3
41 32
41 33
41 35
41 36
41 37
41 38
41 39
41 40
41 6
41 8
42 1
42 10
42 13
42 18
42 19
42 2
42 20
42 21
42 22
42 23
42 24
42 25
42 26
42 27
42 3
42 31
42 32
42 33
42 35
42 36
42 37
42 39
42 40
42 41
42 6
42 8
43 1
43 13
43 18
43 2
43 20
43 21
43 22
43 24
43 25
43 26
43 27
43 3
43 32
43 33
43 35
43 40
43 41
43 42
44 1
44 10
44 11
44 13
44 14
44 19
44 2
44 21
44 22
44 23
44 24
44 25
44 26
44 27
44 3
44 33
44 35
44 36
44 37
44 39
44 40
44 41
44 42
44 43
44 6
44 8
45 1
45 13
45 14
45 19
45 2
45 21
45 22
45 24
45 27
45 32
45 33
45 40
45 43
45 44
45 6
45 8
46 1
46 2
46 22
46 23
46 25
46 26
46 27
46 39
46 42
46 43
46 44
46 45
6 1
6 3
8 1
8 2
8 3
8 6
